0.00347
0.02603
0.04859
0.07055
0.09220
0.11415
0.13458
0.15409
0.17330
0.19129
0.20898
0.22605
0.24160
0.25624
0.26966
0.28246
0.29405
0.30594
0.31631
0.32667
0.33582
0.34497
0.35351
0.36174
0.36906
0.37668
0.38369
0.39071
0.39741
0.40382
0.41053
0.41723
0.42333
0.42943
0.43583
0.44163
0.44742
0.45321
0.45901
0.46450
0.46998
0.47547
0.48096
0.48614
0.49194
0.49712
0.50230
0.50718
0.51206
0.51755
0.52243
0.52731
0.53188
0.53676
0.54194
0.54652
0.55079
0.55566
0.56054
0.56481
0.56908
0.57335
0.57792
0.58250
0.58646
0.59073
0.59469
0.59866
0.60293
0.60689
0.61085
0.61482
0.61909
0.62244
0.62671
0.63037
0.63433
0.63799
0.64165
0.64500
0.64866
0.65232
0.65568
0.65903
0.66208
0.66574
0.66909
0.67214
0.67580
0.67854
0.68159
0.68495
0.68800
0.69105
0.69409
0.69714
0.69958
0.70294
0.70568
0.70843
0.71086
0.71361
0.71605
0.71879
0.72123
0.72398
0.72672
0.72885
0.73221
0.73434
0.73678
0.73892
0.74105
0.74380
0.74623
0.74837
0.75050
0.75264
0.75508
0.75721
0.75935
0.76179
0.76361
0.76575
0.76727
0.76910
0.77124
0.77337
0.77490
0.77673
0.77856
0.78038
0.78191
0.78374
0.78526
0.78709
0.78862
0.79014
0.79197
0.79350
0.79472
0.79685
0.79777
0.79959
0.80081
0.80234
0.80386
0.80478
0.80630
0.80752
0.80874
0.81027
0.81118
0.81271
0.81393
0.81515
0.81667
0.81758
0.81850
0.82124
0.84015
0.91607
0.98559
0.97248
0.96760
0.38064
-0.53531
-0.73869
-0.80730
-0.82650
-0.92042
-0.96524
-0.97103
-0.98201
-0.97835
-0.99726
-0.98597
-1.00000
-0.98567
-0.99909
-0.98353
-0.99421
-0.97835
-0.98811
-0.97256
-0.98110
-0.96615
-0.97378
-0.95975
-0.96615
-0.95304
-0.95792
-0.94603
-0.95030
-0.93871
-0.94237
-0.93109
-0.93475
-0.92377
-0.92652
-0.91615
-0.91859
-0.90883
-0.91005
-0.90060
-0.90151
-0.89267
-0.89298
-0.88444
-0.88444
-0.87621
-0.87560
-0.86706
-0.86645
-0.85852
-0.85730
-0.84937
-0.84815
-0.84053
-0.83870
-0.83138
-0.82925
-0.82193
-0.81949
-0.81187
-0.80943
-0.80211
-0.79937
-0.79205
-0.78900
-0.78168
-0.77833
-0.77132
-0.76766
-0.76034
-0.75637
-0.74936
-0.74479
-0.73747
-0.73259
-0.72497
-0.71979
-0.71247
-0.70698
-0.69966
-0.69387
-0.68594
-0.68015
-0.67283
-0.66704
-0.65880
-0.65301
-0.64508
-0.63898
-0.63106
-0.62496
-0.61733
-0.61093
-0.60392
-0.59752
-0.59050
-0.58440
-0.57709
-0.57068
-0.56367
-0.55727
-0.55025
-0.54416
-0.53653
-0.53074
-0.52342
-0.51702
-0.50970
-0.50330
-0.49628
-0.48988
-0.48226
-0.47586
-0.46854
-0.46152
-0.45451
-0.44750
-0.43988
-0.43317
-0.42524
-0.41853
-0.41060
-0.40359
-0.39566
-0.38835
-0.38011
-0.37279
-0.36426
-0.35633
-0.34810
-0.33925
-0.33041
-0.32126
-0.31120
-0.30114
-0.29077
-0.27949
-0.26760
-0.25540
-0.24199
-0.22796
-0.21272
-0.19656
-0.17948
-0.16210
-0.14350
-0.12368
-0.10356
-0.08252
-0.06087
-0.03892
-0.01635
