0.01206
0.05165
0.09093
0.12895
0.16666
0.19997
0.23202
0.26156
0.28827
0.31152
0.33352
0.35237
0.37060
0.38631
0.40139
0.41522
0.42841
0.44098
0.45355
0.46518
0.47681
0.48780
0.49912
0.50949
0.52017
0.53022
0.54028
0.55065
0.56039
0.57013
0.57987
0.58899
0.59841
0.60753
0.61632
0.62544
0.63424
0.64272
0.65089
0.65937
0.66754
0.67571
0.68326
0.69143
0.69897
0.70651
0.71405
0.72159
0.72850
0.73605
0.74296
0.74987
0.75647
0.76307
0.76967
0.77627
0.78255
0.78884
0.79481
0.80141
0.80675
0.81272
0.81869
0.82403
0.82969
0.83503
0.84068
0.84540
0.85105
0.85608
0.86048
0.86582
0.87054
0.87494
0.87934
0.88436
0.88845
0.89316
0.89725
0.90133
0.90542
0.90982
0.91327
0.91736
0.92113
0.92490
0.92836
0.93181
0.93527
0.93872
0.94187
0.94501
0.94878
0.95161
0.95444
0.95758
0.96041
0.96323
0.96701
0.97423
0.98837
0.99277
1.00000
0.98146
0.87588
0.80518
0.79104
0.77910
0.76715
0.74704
0.73825
0.72568
0.71876
0.70588
0.69771
0.68545
0.67760
0.66597
0.65749
0.64586
0.63643
0.62512
0.61538
0.60407
0.59370
0.58239
0.57170
0.56039
0.54971
0.53777
0.52740
0.51514
0.50383
0.49189
0.48026
0.46801
0.45638
0.44381
0.43156
0.41899
0.40642
0.39322
0.38065
0.36682
0.35363
0.33886
0.32409
0.30775
0.29047
0.27130
0.25056
0.22731
0.20154
0.17232
0.14089
0.10633
0.06862
0.03060
-0.00931
-0.05016
-0.08944
-0.12840
-0.16517
-0.19973
-0.23116
-0.26101
-0.28740
-0.31097
-0.33234
-0.35151
-0.36879
-0.38544
-0.40021
-0.41435
-0.42755
-0.44075
-0.45269
-0.46432
-0.47594
-0.48726
-0.49794
-0.50894
-0.51931
-0.52999
-0.54036
-0.55042
-0.56016
-0.57053
-0.58027
-0.59001
-0.59944
-0.60823
-0.61798
-0.62677
-0.63652
-0.64531
-0.65474
-0.66448
-0.67359
-0.68239
-0.69182
-0.70062
-0.70942
-0.71822
-0.72670
-0.73518
-0.74335
-0.75121
-0.75938
-0.76661
-0.77446
-0.78169
-0.78860
-0.79520
-0.80149
-0.80809
-0.81406
-0.82003
-0.82568
-0.83134
-0.83699
-0.84234
-0.84736
-0.85239
-0.85773
-0.86276
-0.86716
-0.87219
-0.87627
-0.88036
-0.88476
-0.88884
-0.89293
-0.89670
-0.90047
-0.90424
-0.90770
-0.91084
-0.91367
-0.91681
-0.91995
-0.92247
-0.92498
-0.92686
-0.92781
-0.92749
-0.92561
-0.92152
-0.91587
-0.91021
-0.90361
-0.89701
-0.88979
-0.88256
-0.87533
-0.86779
-0.86025
-0.85271
-0.84485
-0.83699
-0.82820
-0.82034
-0.81154
-0.80306
-0.79394
-0.78452
-0.77478
-0.76504
-0.75467
-0.74430
-0.73361
-0.72293
-0.71193
-0.70093
-0.68931
-0.67799
-0.66668
-0.65568
-0.64500
-0.63369
-0.62332
-0.61232
-0.60132
-0.59032
-0.57932
-0.56864
-0.55701
-0.54633
-0.53470
-0.52339
-0.51208
-0.50077
-0.48883
-0.47720
-0.46526
-0.45332
-0.44138
-0.42912
-0.41687
-0.40398
-0.39141
-0.37853
-0.36533
-0.35182
-0.33800
-0.32354
-0.30783
-0.29180
-0.27326
-0.25347
-0.23179
-0.20665
-0.17931
-0.14946
-0.11646
-0.08158
-0.04293
