0.36408
0.71299
0.78974
0.83638
0.88804
0.95800
0.95239
0.97601
0.96007
0.98368
0.96715
0.98398
0.96715
0.98132
0.96656
0.97808
0.96538
0.97483
0.96361
0.97188
0.96184
0.96892
0.96007
0.96568
0.95800
0.96302
0.95623
0.96036
0.95387
0.95771
0.95151
0.95535
0.94974
0.95269
0.94767
0.95033
0.94560
0.94738
0.94206
0.94413
0.94000
0.94177
0.93763
0.93941
0.93557
0.93675
0.93321
0.93439
0.93114
0.93203
0.92878
0.92966
0.92671
0.92730
0.92435
0.92524
0.92258
0.92258
0.92022
0.92051
0.91815
0.91815
0.91550
0.91550
0.91343
0.91313
0.91136
0.91225
0.91077
0.91077
0.90900
0.90841
0.90664
0.90634
0.90428
0.90398
0.90221
0.90192
0.90015
0.89985
0.89808
0.89660
0.89513
0.89454
0.89277
0.89217
0.89040
0.88981
0.88863
0.88745
0.88598
0.88568
0.88391
0.88332
0.88184
0.88096
0.87978
0.87919
0.87712
0.87653
0.87505
0.87446
0.87299
0.87210
0.87063
0.87004
0.86856
0.86767
0.86679
0.86561
0.86413
0.86354
0.86207
0.86088
0.85970
0.85882
0.85734
0.85646
0.85498
0.85410
0.85262
0.85173
0.85055
0.84967
0.84849
0.84760
0.84613
0.84524
0.84406
0.84347
0.84170
0.84081
0.83963
0.83845
0.83727
0.83609
0.83520
0.83402
0.83284
0.83196
0.83078
0.82930
0.82841
0.82723
0.82576
0.82517
0.82399
0.82310
0.82162
0.82044
0.82044
0.83432
0.90133
0.97601
0.96273
0.96420
0.46267
-0.47663
-0.74496
-0.80724
-0.83528
-0.91292
-0.97373
-0.96989
-0.98878
-0.97579
-0.99970
-0.98258
-1.00000
-0.98170
-0.99793
-0.98111
-0.99498
-0.97904
-0.99173
-0.97668
-0.98790
-0.97461
-0.98435
-0.97196
-0.98081
-0.96960
-0.97727
-0.96694
-0.97402
-0.96428
-0.97019
-0.96192
-0.96694
-0.95867
-0.96369
-0.95602
-0.96044
-0.95306
-0.95690
-0.95041
-0.95336
-0.94716
-0.95041
-0.94421
-0.94687
-0.94155
-0.94362
-0.93831
-0.94067
-0.93565
-0.93771
-0.93270
-0.93417
-0.92974
-0.93063
-0.92709
-0.92797
-0.92355
-0.92443
-0.92089
-0.92148
-0.91764
-0.91823
-0.91469
-0.91499
-0.91144
-0.91174
-0.90820
-0.90849
-0.90554
-0.90524
-0.90229
-0.90200
-0.89934
-0.89875
-0.89609
-0.89550
-0.89314
-0.89226
-0.89019
-0.88960
-0.88694
-0.88635
-0.88399
-0.88310
-0.88074
-0.87986
-0.87779
-0.87661
-0.87454
-0.87366
-0.87130
-0.87012
-0.86834
-0.86716
-0.86510
-0.86421
-0.86244
-0.86126
-0.85890
-0.85801
-0.85565
-0.85447
-0.85270
-0.85181
-0.84975
-0.84857
-0.84650
-0.84532
-0.84325
-0.84178
-0.84030
-0.83912
-0.83735
-0.83587
-0.83410
-0.83233
-0.83086
-0.82938
-0.82761
-0.82643
-0.82436
-0.82289
-0.82111
-0.81993
-0.81816
-0.81669
-0.81462
-0.81344
-0.81196
-0.81049
-0.80842
-0.80724
-0.80547
-0.80429
-0.80222
-0.80104
-0.79927
-0.79779
-0.79632
-0.79425
-0.79307
-0.79160
-0.79012
-0.78864
-0.78687
-0.78540
-0.78363
-0.78215
-0.78038
-0.77861
-0.77684
-0.77565
-0.77654
-0.79100
-0.84001
-0.91115
-0.90761
-0.84886
-0.48607
