0.04250
0.08614
0.12945
0.17012
0.20782
0.24319
0.27593
0.30436
0.32949
0.35330
0.37380
0.39297
0.41017
0.42637
0.44058
0.45546
0.46935
0.48224
0.49547
0.50770
0.51994
0.53184
0.54341
0.55531
0.56589
0.57714
0.58871
0.59929
0.60954
0.62012
0.63037
0.64062
0.65021
0.66046
0.66971
0.67930
0.68856
0.69782
0.70675
0.71534
0.72460
0.73287
0.74179
0.74973
0.75799
0.76626
0.77387
0.78180
0.78941
0.79701
0.80428
0.81156
0.81883
0.82578
0.83305
0.83966
0.84627
0.85256
0.85884
0.86512
0.87140
0.87769
0.88331
0.88926
0.89521
0.90083
0.90612
0.91174
0.91703
0.92199
0.92728
0.93224
0.93687
0.94183
0.94679
0.95109
0.95572
0.96001
0.96563
0.97357
0.97357
0.97721
0.97853
0.94018
0.95439
0.99275
0.99242
0.98977
0.97787
0.97919
0.96993
0.96663
0.95605
0.95142
0.94183
0.93588
0.92662
0.91968
0.91108
0.90314
0.89422
0.88628
0.87702
0.86876
0.85983
0.85123
0.84165
0.83239
0.82280
0.81354
0.80428
0.79436
0.78478
0.77453
0.76461
0.75403
0.74378
0.73320
0.72262
0.71171
0.70079
0.68955
0.67831
0.66707
0.65583
0.64426
0.63268
0.62078
0.60855
0.59697
0.58441
0.57218
0.55994
0.54738
0.53448
0.52159
0.50836
0.49547
0.48224
0.46869
0.45546
0.44158
0.42769
0.41380
0.39925
0.38471
0.37016
0.35396
0.33743
0.31990
0.30106
0.27989
0.25708
0.23096
0.20120
0.16880
0.13276
0.09308
0.05142
0.00745
-0.03619
-0.08116
-0.12514
-0.16647
-0.20581
-0.24251
-0.27458
-0.30401
-0.33046
-0.35394
-0.37510
-0.39460
-0.41180
-0.42833
-0.44354
-0.45842
-0.47230
-0.48553
-0.49875
-0.51132
-0.52355
-0.53546
-0.54802
-0.55992
-0.57083
-0.58208
-0.59332
-0.60456
-0.61514
-0.62572
-0.63663
-0.64721
-0.65746
-0.66771
-0.67796
-0.68821
-0.69846
-0.70871
-0.71929
-0.72888
-0.73913
-0.74971
-0.75930
-0.76855
-0.77847
-0.78740
-0.79633
-0.80559
-0.81418
-0.82212
-0.83071
-0.83832
-0.84559
-0.85254
-0.85948
-0.86642
-0.87304
-0.87899
-0.88593
-0.89287
-0.89916
-0.90511
-0.91073
-0.91635
-0.92197
-0.92726
-0.93255
-0.93784
-0.94247
-0.94743
-0.95206
-0.95669
-0.96098
-0.96495
-0.96925
-0.97289
-0.97652
-0.98016
-0.98347
-0.98677
-0.98975
-0.99273
-0.99537
-0.99769
-0.99967
-1.00000
-0.99934
-0.99702
-0.99140
-0.98479
-0.97818
-0.97123
-0.96396
-0.95669
-0.94908
-0.94115
-0.93354
-0.92495
-0.91701
-0.90841
-0.89982
-0.89089
-0.88262
-0.87370
-0.86510
-0.85551
-0.84559
-0.83567
-0.82509
-0.81418
-0.80327
-0.79137
-0.77980
-0.76822
-0.75566
-0.74376
-0.73119
-0.71863
-0.70673
-0.69449
-0.68259
-0.67069
-0.65845
-0.64655
-0.63432
-0.62241
-0.61018
-0.59762
-0.58571
-0.57315
-0.56025
-0.54802
-0.53546
-0.52256
-0.50934
-0.49611
-0.48288
-0.46966
-0.45643
-0.44288
-0.42899
-0.41510
-0.40056
-0.38634
-0.37146
-0.35592
-0.33939
-0.32219
-0.30368
-0.28351
-0.26070
-0.23491
-0.20647
-0.17407
-0.13869
-0.10034
-0.05901
-0.01636
